 
1133 4334 514531221142 4434 3433 353424334443 521133441514. 333444 421135444542344543 421543343151243322 133433442433451514 233445431523343114 333442442352114214 221154. 2315 2444 344423154252244315 434535353442441514 243343441133443154. 453321151531243322 112242151511123115 434521211542243322 2444 3433 433211313133154343 331552433511351542 1215. 4334 13343215 32454344 44243215 3334 1143. 1434 3433 45333531151143243322 35344343154343243433 1143 3421 45334215431542511514. 541544 243454 155341452443244415 354544 433432154424321543 153324345432153344 351542351544451131 333452. 121523243314 313451154243 151144 231151243322 311533224423 233442431543 511133244454 431154 231114 244443. 
 
14244335114413231514 15334442151144241543 12342443441542344543 431154 522354 43442432453111441514. 13154244112433 21344212111415 35241344454215 333452 35421551153344 13114242241514 432315 221544 431515 43244444243322. 4535 445215334454 312432244443 1143 323433442343. 24332311122444 4334 35154223113543 3421 2433 4434 13154244112433. 431553 155313454315 132311444454 521143 431515321514 521142324423. 331154 111414 211142 211552 243232151424114415 435215154433154343 151142331543443154 141524151344243433. 
 
34351533 25333452 112215 454315 52233432 232432 44231133 31111454 521143. 3433 311143441514 453315114354 155315441542 3254 244443153121 152121151344 433524422444. 1144 141543242233 2315 511133244454 1144 133445432433 313433221542 313434251514 5415. 141543242233 354211244315 3215 211144231542 1133 211151344542. 1143 22421511443154 42153531241514 2444 52243314345243 3421 1133 32243345441542 12152311511514 35114343112215. 14243224334544243433 15533542154343243433 42151143343311123115 2444 5215 2315 35423424151344243433 11131315354411331315 2433 14155134334323244215. 351542351544451131 2444 141543134224121514 1144 2315 113535311145141514. 
 
2444 113131345211331315 354215511124311514 153324345432153344 2433 2444. 13113131243322 34124315425115 213442 522334 35421543431514 42112443243322 232443. 131133 13343333151344243433 24334344424532153344 11434434332443231514 45331121211513441514 232443 32344424343331154343 35421521154215331315. 11333334453313243322 431154 123454 35421513114544243433 45331121211513441514 14242121241345314454 11314415421144243433 232432. 1112345115 1215 5234453114 1144 4334 2234243322 2315114214. 15332211221514 1144 51243131112215 1144 1132 15414511313154 35423413151514. 431544443115 331154 311533224423 113132344344 231132 142442151344 155344153344. 112242151532153344 213442 312443441533243322 421532112433141542 221544 114444153344243433 311152 111345441533154343 141154. 333452 5223114415511542 4345423542244315 4215433431511514 1531152211331315 2433144531221514 345233 521154 3445443124511514. 
 
14153124222344214531 45334215431542511514 24323534434324123115 211552 15434424321144243322 321533 21115134454211123115 431515 15334442151144241543. 432315 354234354224154454 243232151424114415 521143 243235423451243322. 2315 3442 1533444211331315 2345323445421514 3124251552244315 3234141542114415. 32451323 333442 22113215 433433 431154 21151531. 211144 32112515 321544 131133 32454344 21344232 24334434 22114415. 3215 5215 342121153314243322 354215511124311514 142443133451154254. 
 
5415 3433 3542343515423154 2311331443343215 4215444542331514 4423423452243322 1132 3334 5223114415511542. 2433 52244423344544 52244323243322 2315 3421 35241344454215 3334 15533534431514 44113125243322 32243345441543. 134542243443244454 133433442433451131 121531343322243322 342121153314243322 4334 155335311124331514 2444 155341452443244415. 1434 4215321532121542 4434 2134313134521514 5434454243153121 3211441542241131 3242 4215134542421514 1311424224112215. 23242223 14421552 52154344 5215 3334 3442 1144 24342333. 1112344544 3442 2224511533 3433 5224444454 1551153344. 3442 4334132411123115 4535 3211441542241131 1211132315313442 1242243322243322 3111331431344214 1334332124331514. 12454354 4334 32113354 2433 23453322 15114354 21243314 52153131 4535. 4334 3421 155341452443244415 3254 1133 155335311124331514 421532112433141542. 1411432352343414 1415333444243322 4315134542243322 1215 3433 3515421315245115 3254 3111452223243322 4334. 
 
24334344424532153344 13453144245111441514 11314415421144243433 113354 21115134454211123115 15533542154343243433 311152 211142 333442. 12344423 331552 31242515 44344215 124544 54151142. 1133 21423432 32151133 3433 52244423 52231533 43243322 35112433. 3423 4434 1143 35422433132435311543 14155134334323244215 13343235113324343343 45334311442411123115 1133 14153124222344214531. 442315 344542431531511543 434521211542243322 442315 432433131542244454. 24332311122444 231542 32113333154243 11141135441514 112215 13154244112433. 1415121144243322 3421211533141514 1144 1242113313231514 4344422425243322 1215 4345122415134443. 
 
31344315 11521154 342121 522354 23113121 311514 23115115 33151142 121514. 1144 153322112215 432432353115 211144231542 3421 351542243414 344423154243 155313153544. 3254 222451243322 1434 434532321542 3421 442334452223 331142423452 321142251514 1144. 433542243322 213442321131 3334 133445334454 5415 521124441514. 3254 52231544231542 13231515421514 1144 42152245311142 2444 3421 35423432244315 12314543231543 35154223113543. 45331334323234333154 43243235312413244454 24334415421543441514 3242 2443 1215 13343235312432153344 35423424151344243322 3254 24332311122444243322. 221533443115321133 2315 431535441532121542 2433 3423 155313153131153344. 
 
2444 433534424443321133 151142331543443154 5415 354215431542511514 1133 3433. 323432153344 311514 211132243154 433434331542 131133333444 231542 522433143452 354531311514 113354. 3442 4211243131154254 2421 2432354234511514 3111331431344214 4434 4335151125243322 2311434415331514 1424212115421514 2315. 214542332444454215 142443133445424315 153143155223154215 541544 231542 432442 155344153343245115 141521151344245115 453352243131243322 221544. 522354 42154334314544243433 343315 32344424343331154343 543445 232432 44233442344522233154. 3334244315 2443 4234453314 4434 2433 2444 4145241325 4424321514 1434344243. 52422444441533 11141442154343 22421511443154 221544 11444411132543 24332311122444 35454243452444 344542 124544. 311143441514 234533441514 153334452223 1133 4535 431515243322 2433 312451153154 311544441542. 231114 2445142232153344 344544 3435243324343343 3542343515424454 442315 4345353531241514. 
 
124215112521114344 112242151511123115 243313343232341415 141535114244454215 2444 1133. 1254 2422333442113344 1144 3433 5234331415421514 4215311144243433. 153334452223 1144 441143441543 421511313154 4334 133445432433 1132 3421. 155344153343245115 442315421521344215 434535353442441514 1254 155344421532244454 3421 133433441533441514. 2443 35454243452444 13343235111344 14153215433315 24335124441514 15311415423154 1215. 51241552 232432 432315 42343421 44153131 231542 13114315 231143 43242223. 3234421534511542 2443 3534434324123115 2315 1114322444441514 4334132411123115 1334331315423343. 1254 2433 13343114 3334 31154343 12151533 43153344 23114214 23243131. 
